344 29
345 31
346 32
347 32
340 35
341 26
342 31
343 32
2918 173
348 31
349 28
3002 243
2919 218
1653 169
2318 97
2319 445
2316 141
2317 425
2314 344
2315 143
2312 58
2313 184
2310 176
2311 91
298 124
299 67
296 44
297 38
294 26
295 33
292 40
293 33
290 27
291 30
2147 238
270 35
271 68
272 218
273 65
274 67
275 31
276 100
277 32
278 193
279 38
3163 291
1780 46
2146 213
2268 143
2269 51
2262 92
2263 324
2260 44
2261 129
2266 121
2267 111
2264 184
2265 230
2442 29
2443 37
2440 36
2441 28
1781 1565
2447 75
2444 49
2445 37
2448 35
2449 91
2189 288
108 37
109 28
102 34
103 125
100 82
101 27
106 321
107 74
104 130
105 35
2046 426
2047 125
2044 77
2045 84
2042 167
2043 70
2040 129
2041 57
3198 93
2048 161
2049 95
3150 266
3155 131
3154 234
1372 39
2737 161
2038 39
2836 102
3159 84
1001 136
3158 144
1210 67
1375 27
2688 181
2689 43
2684 340
2685 94
2686 110
2687 215
2680 153
1655 109
2682 222
2683 178
1374 32
99 29
98 58
3019 29
91 50
90 41
93 69
92 107
95 116
94 61
97 40
96 95
1623 164
1622 98
1621 92
1620 128
1627 107
1626 505
1625 166
1624 53
1999 97
1998 111
1629 84
1377 28
3013 159
2860 222
2861 65
2862 207
2863 296
559 30
558 120
2866 210
2867 206
555 27
554 29
557 64
556 46
551 32
550 32
553 33
552 28
2744 119
1439 99
1199 117
1198 364
1191 61
1190 92
1193 27
1192 29
1195 127
1194 236
1197 177
1196 114
1759 33
1758 38
1757 93
1756 74
1755 33
1754 220
1753 198
1752 211
1751 507
1750 180
1177 72
1176 30
1175 195
1174 28
1173 143
1172 296
1171 134
1170 229
1179 216
1178 31
511 39
2964 44
510 30
513 26
1285 38
1284 45
1287 32
512 28
1281 87
1280 131
1283 27
1282 92
1003 262
879 44
1289 28
1288 110
514 26
1579 34
1578 33
689 73
688 32
685 28
684 29
687 27
686 25
681 33
680 613
683 30
682 28
458 30
1349 171
621 97
873 27
1224 85
1223 521
1222 53
2741 264
1221 29
2740 300
1220 29
2743 48
407 150
406 107
405 166
404 462
403 36
402 67
401 45
400 79
1379 428
1378 32
1342 27
409 151
408 69
1343 27
2747 178
454 63
2148 191
455 28
2749 158
1346 163
2748 76
1347 160
379 24
378 236
371 36
370 27
373 29
372 27
375 26
374 26
377 50
376 35
2295 58
3093 242
393 45
392 30
391 30
390 32
397 187
396 142
395 25
394 27
399 94
398 239
895 48
2309 82
2308 146
2301 188
2300 140
2303 56
2302 179
2305 153
2304 94
2307 172
2306 78
2746 227
3203 208
245 47
244 28
247 28
246 31
241 122
240 33
243 181
242 68
249 388
248 106
2275 141
2274 202
2277 280
2276 172
2271 31
2270 85
2273 291
2272 98
2279 65
2278 56
2337 71
2198 296
2459 41
2458 32
2455 214
2454 142
2457 185
2456 216
2451 312
2450 147
2453 317
2452 279
179 33
178 38
177 40
176 31
175 42
174 39
173 28
172 27
171 29
170 31
2051 201
1502 144
2053 424
2052 144
2055 60
2054 229
2057 81
1503 162
2059 275
2058 64
1500 28
1501 83
1506 151
2968 214
1507 104
1367 49
1504 179
1505 117
2157 45
3087 298
1227 26
3086 142
1977 135
3083 207
2699 167
1976 349
2697 231
2696 144
2695 175
659 41
1226 135
1975 153
2691 116
2690 65
2405 42
1974 210
1973 415
1972 279
1971 49
1970 56
1968 66
1969 195
1618 35
1619 78
1616 102
1617 32
1614 495
1615 83
1612 110
1613 496
1610 91
1611 86
1985 39
2873 144
2872 29
2871 177
2870 249
2877 127
2876 240
2875 48
2542 203
2879 137
2878 183
2544 136
1768 289
1769 214
1762 33
1763 50
1760 44
1761 60
1766 112
1767 314
1764 185
1765 119
1142 50
1143 213
1140 436
1141 267
1146 100
1147 121
1144 84
1145 212
1148 74
1149 209
2967 187
2966 150
2402 234
692 30
693 80
690 51
691 395
696 173
697 42
694 75
695 212
698 102
699 85
1548 207
1549 452
542 26
543 28
540 32
541 28
546 32
547 29
544 29
545 34
548 32
549 33
1782 84
1783 137
1784 137
1785 404
1786 304
2388 243
1787 742
414 63
415 46
416 44
417 119
410 219
411 34
412 46
413 32
1384 113
1385 189
1386 222
1387 250
418 26
419 28
1382 97
1383 99
2446 51
2438 339
3042 208
368 31
369 29
366 31
367 132
364 119
365 31
362 36
363 29
360 55
361 36
2760 30
3202 213
380 90
381 236
382 30
383 32
384 27
385 53
386 33
387 39
388 33
389 27
2908 72
2792 41
2190 37
2191 94
258 28
259 29
2194 227
2195 218
2196 261
2197 208
252 93
253 39
250 81
251 75
256 30
257 28
254 265
255 26
2200 161
2201 183
2202 227
2203 500
2204 230
2205 58
2206 65
2207 125
2208 219
2209 103
1679 219
2428 45
2429 58
2400 127
2420 178
2421 302
2422 32
2423 210
2424 276
1849 43
2426 45
2427 51
2432 49
1848 60
168 82
169 27
164 63
165 52
166 33
167 29
160 28
161 29
162 61
163 62
2518 160
2519 146
1842 49
2514 106
2515 167
2516 140
2517 192
2510 33
1841 105
2512 38
2513 180
2734 372
2735 59
2736 220
1840 58
2730 140
2731 94
2732 355
2733 240
2738 271
2739 214
678 125
679 280
1814 41
1815 44
1816 58
1817 41
1810 249
1811 256
1812 37
1813 61
1818 73
1819 45
670 252
2795 199
671 135
2401 168
1609 196
1608 186
1979 41
1978 234
1601 334
1600 63
1603 174
1602 334
1605 203
1604 172
1607 29
1606 44
809 26
808 27
803 26
802 24
801 30
800 57
807 28
806 44
805 26
804 29
2848 113
2849 221
2846 236
2847 161
2844 120
2845 207
2842 438
2843 96
2840 276
2841 186
3039 192
1775 49
1774 137
1777 48
1776 33
1771 342
1770 132
1773 31
1772 28
1779 85
1778 46
608 30
2998 270
1159 147
1158 63
2999 134
1155 292
1154 160
1157 71
1156 28
1151 42
1150 30
1153 98
1152 63
1555 31
2618 196
1554 116
1551 120
1550 168
1553 123
1552 274
59 48
58 87
1557 30
1556 28
55 40
54 48
57 25
56 25
51 46
50 31
53 38
52 40
537 48
536 161
535 41
534 29
533 176
532 70
531 229
530 32
2992 41
539 32
538 35
2993 187
1558 48
2994 98
2995 31
2805 107
2996 289
2997 143
429 128
428 27
1399 113
1398 128
421 63
420 26
423 27
422 26
425 28
424 27
427 25
426 29
2183 45
2182 82
2181 294
2180 74
2187 265
2186 191
229 25
228 26
227 25
226 33
225 29
224 468
223 25
222 84
221 35
220 34
2213 49
2212 34
2211 167
2210 224
2217 286
2216 257
2215 226
2214 88
2219 255
2218 375
2681 130
2230 154
151 27
150 30
153 34
152 55
155 45
154 29
157 28
156 32
159 27
158 28
2431 45
2430 54
2437 239
2436 174
2435 238
2434 165
2236 52
2509 29
2508 40
2507 64
2506 69
2505 88
2504 49
2503 28
2502 45
2501 270
2500 198
2727 107
2726 374
2725 33
2724 26
2723 561
2722 270
2721 217
2720 166
2729 65
2728 123
2199 39
1807 256
1806 164
1805 287
1804 60
1803 51
1802 59
1801 61
1800 61
1809 116
1808 98
3089 116
3088 137
1524 158
1948 157
1544 151
1525 253
1942 48
1943 46
1940 50
1941 39
1946 330
1526 143
1944 93
1945 677
818 32
819 44
1527 230
810 27
811 27
812 27
813 29
814 28
815 29
816 29
817 25
2859 219
1545 32
1522 27
1990 32
2851 326
2850 186
2853 58
1523 211
2855 353
1993 44
2857 203
2856 334
1490 31
1397 239
1492 28
1493 31
1494 42
1495 101
1496 656
1396 534
1498 201
1499 29
1395 210
1994 57
1700 215
1701 29
1702 29
1394 228
1704 43
1705 290
1706 250
1707 116
1708 171
1393 374
1996 49
1392 243
1391 118
1390 246
1128 37
1129 28
1628 111
1120 33
1121 99
1122 150
1123 26
1124 26
1125 25
1126 44
1127 26
2989 235
2988 169
3029 30
3028 162
2983 80
2982 136
2981 188
2980 146
2987 256
2986 318
2985 214
2984 98
524 63
525 31
526 27
527 142
520 27
521 107
522 29
523 26
1014 120
1015 108
1016 47
1017 38
528 37
529 33
1012 319
1013 117
1234 399
1235 183
1236 168
1237 238
1230 67
1231 79
1232 33
1233 88
1238 129
1239 27
2526 232
3167 136
438 157
439 37
436 55
437 176
434 30
435 279
432 30
433 32
430 27
431 27
2864 245
2481 143
2865 282
1967 61
2868 267
3162 90
2869 155
3082 160
1960 265
3077 557
1961 193
3160 226
3060 142
2464 43
3065 186
2465 49
3064 222
2466 92
3161 39
2467 54
238 64
239 37
234 31
235 26
236 85
237 29
230 35
231 36
232 52
233 29
3068 191
2462 30
2228 233
2229 191
2226 109
2227 231
2224 55
2225 42
2222 136
2223 43
2220 388
2221 129
1 123
146 97
147 29
144 138
145 45
142 84
143 38
140 163
141 28
2468 37
148 28
149 41
2088 45
2089 36
2082 283
2083 293
2080 267
2081 188
2086 37
2087 67
2084 57
2085 121
2538 218
2539 52
2532 65
2533 57
2530 105
2531 45
2536 163
2537 224
2534 434
2535 202
2712 155
2713 33
2710 255
2711 160
2716 251
2717 200
2714 214
2715 222
2718 202
2719 294
1832 47
1833 47
1830 45
1831 70
1836 338
1837 72
1834 321
1835 119
3090 165
1838 45
1839 48
2154 261
2155 331
939 27
938 25
2150 333
2151 200
2152 245
2153 161
933 27
932 40
931 78
930 30
937 33
936 29
935 29
934 27
3091 204
1955 92
1954 43
1957 214
1956 227
1951 226
1950 38
1953 37
1952 26
1959 190
1958 128
3096 261
829 40
828 50
825 96
824 132
827 39
826 52
821 31
820 28
823 150
822 57
3097 247
1536 138
2409 82
1483 82
1482 102
1481 27
1480 37
1487 364
1486 228
1485 192
1484 251
1489 174
1488 240
797 47
796 230
795 107
794 114
793 68
792 38
791 49
790 25
3050 174
1719 192
1718 87
2413 87
799 578
798 49
1270 245
2412 101
1271 108
2415 70
1272 181
2414 34
1139 476
1138 117
2417 99
3051 79
1133 32
1132 332
1131 209
1130 44
1137 47
1136 70
1135 314
1134 231
2419 44
1276 27
2418 42
1277 31
2790 31
3018 201
2791 33
3012 125
2796 43
3010 106
2793 36
3016 144
3017 126
3014 257
2797 33
519 29
518 38
2149 71
1009 53
1008 101
1007 252
1006 68
1005 29
1004 26
515 31
1002 128
517 30
1000 26
623 29
622 29
1225 206
620 26
627 340
626 48
625 30
624 29
629 32
628 34
1229 28
1228 76
1535 303
2882 239
2883 224
2880 92
2881 162
2886 224
2887 278
2884 198
2885 135
2888 210
2889 368
2 31
3196 90
1286 36
11 240
10 27
13 27
12 32
15 35
14 72
17 46
16 35
19 27
18 30
3118 110
2382 32
3194 82
3027 169
3111 188
3193 91
2742 183
1534 154
3192 97
201 30
200 30
203 44
202 116
205 334
204 34
207 50
206 47
209 99
208 44
2745 102
1573 66
1572 308
3191 79
1571 117
2239 52
2238 28
1570 180
2231 148
1577 38
2233 451
2232 223
2235 36
2234 38
2237 25
1576 36
1575 32
3190 75
1574 32
2185 118
2184 211
2095 352
2094 143
2097 191
2096 238
2091 281
2090 60
2093 200
2092 251
2099 77
2098 49
2525 197
2524 227
2527 141
2188 276
2521 78
2520 55
2523 147
2522 182
2529 51
2528 42
2709 289
2708 310
2705 181
2704 271
2707 179
2706 81
2701 193
2700 132
2703 167
2702 236
1829 232
1828 213
2951 212
1825 407
1824 376
1827 272
1826 397
1821 44
1820 42
1823 37
1822 41
928 27
929 42
2145 210
2144 233
2143 53
2142 206
2141 119
2140 139
920 41
921 28
922 26
923 26
924 25
925 33
926 25
927 35
2411 97
1920 66
1921 72
1922 133
1923 83
1924 254
1925 159
1926 133
1927 212
1928 225
1929 167
3069 290
3145 152
832 28
833 31
830 142
831 45
836 45
837 28
834 114
835 31
838 28
839 30
3 29
1986 50
3199 226
2511 25
1987 115
1532 27
784 26
785 63
786 93
787 26
780 36
781 27
782 27
783 64
1726 251
1727 314
1724 126
1725 264
788 35
789 26
1720 126
1721 180
2355 243
2439 123
60 33
61 27
62 30
63 79
64 40
65 35
66 33
67 38
68 129
69 53
3009 140
3008 197
1371 32
1588 137
1589 182
1370 35
1582 30
1583 56
1580 39
1581 61
1586 61
1373 58
1584 35
1585 38
2433 176
1038 31
1039 31
508 26
509 26
1032 189
507 69
1030 141
505 27
502 27
503 32
500 26
501 53
1212 64
1213 53
632 160
633 71
1216 159
1217 32
636 40
637 198
638 38
639 28
1218 35
1219 48
3024 189
2416 63
465 26
2899 162
1728 409
3075 178
2895 129
2894 147
2897 217
1729 55
2891 137
2890 190
2893 232
2892 150
1106 27
1107 50
1104 44
1105 93
1102 282
1103 28
1100 56
1101 35
1458 169
1459 94
1108 195
1109 196
1722 151
1723 119
1897 36
1891 185
2136 63
2137 176
2794 183
3070 179
2965 122
3071 151
216 33
217 42
214 77
215 38
212 26
213 28
210 442
211 27
1530 134
218 29
219 26
3094 291
2138 284
2139 142
4 27
2669 310
3074 264
2550 83
2551 47
2552 185
2553 43
2554 200
2555 148
2556 254
2557 134
2558 205
2559 266
3007 26
2396 276
2397 28
2394 74
2395 73
2392 63
2393 66
2390 215
2391 53
3001 228
2398 152
2399 82
2778 30
2779 81
3003 239
2770 269
2771 154
2772 124
2773 92
2774 27
2775 38
2776 151
2777 187
3166 206
2751 201
2803 55
3164 170
1858 97
1859 78
3165 183
1850 43
1851 36
1852 151
1853 249
1854 372
1855 174
1856 476
1857 57
2172 34
2173 58
2170 113
2171 32
919 329
918 24
2174 104
2175 226
915 116
914 117
917 120
916 24
911 110
910 29
913 24
912 42
2604 131
2605 147
2606 188
2607 71
2600 42
2601 52
2602 39
2603 189
2608 40
2609 104
1933 139
1932 199
1931 176
1930 202
1937 138
1936 425
1935 168
1934 122
1939 259
1938 139
847 43
846 27
845 29
844 27
843 25
842 33
841 30
840 29
849 374
848 107
2406 224
663 25
1587 103
2407 185
1739 147
1738 168
1731 39
1730 40
1733 39
1732 37
662 27
1734 57
1737 32
1736 47
2404 43
753 109
752 28
751 33
750 39
757 34
756 32
755 118
754 32
759 151
758 84
1595 124
506 26
1597 74
1596 31
1591 243
1590 148
1593 134
1033 156
2954 170
2955 204
2956 184
2957 269
1599 32
504 26
2952 98
2953 121
1025 148
1024 166
1027 27
1031 60
1021 29
1020 44
1023 64
1022 39
1036 29
1029 292
1028 244
1037 48
1034 106
1035 121
605 107
604 25
607 26
606 35
601 34
600 211
603 49
602 25
1205 101
1204 43
1207 41
1206 159
609 26
1200 186
1203 26
1202 28
1211 114
634 61
635 59
3108 82
1214 220
3104 146
3105 282
3106 328
1215 366
3100 136
3101 213
3102 97
3103 185
1111 85
1110 85
1113 137
1112 169
1115 71
1114 75
1117 149
464 501
1119 31
1118 48
467 29
1449 32
1448 32
466 27
1357 27
460 26
1355 37
489 35
488 44
487 25
486 27
485 46
1354 358
483 509
482 31
481 38
480 30
3005 205
2898 177
3004 231
2896 192
199 26
198 30
195 27
194 30
197 27
196 637
191 28
190 24
193 29
192 64
2408 78
2543 401
1454 180
2541 254
2540 33
2547 231
2546 474
2545 184
1455 300
3006 307
2549 49
2548 64
1456 189
2381 33
2380 324
2383 164
1457 135
2385 45
2384 36
2387 123
2386 30
2389 132
1450 35
1451 30
2769 109
2768 190
1452 33
2763 55
2762 41
2761 29
1453 314
2767 253
2766 195
2765 321
2764 108
1949 181
2007 25
902 53
903 28
900 27
901 28
906 29
907 53
904 28
905 28
1843 109
1511 47
908 27
909 40
1847 291
1846 288
1845 209
1844 306
2169 141
2168 300
2165 123
2164 182
2167 289
2166 143
2161 33
2160 213
2163 288
2162 154
2617 37
2616 144
2615 45
2614 40
2613 33
2612 39
2611 31
2610 131
2619 168
1947 241
1908 265
1909 101
1906 208
1907 111
1904 56
1905 135
1902 137
1903 59
1900 232
1901 317
854 238
855 190
856 151
857 112
850 141
851 201
852 114
853 84
858 160
859 82
6 36
2463 30
740 26
741 28
742 28
743 25
744 27
745 26
746 26
747 37
748 33
749 26
2912 194
3063 58
3062 62
3061 47
1798 40
3067 330
3066 149
2949 180
2948 136
2947 180
2946 170
2945 167
2944 171
2943 229
2942 45
2941 260
2940 234
1050 156
1051 419
1052 108
1053 84
1054 27
1055 32
1056 26
1057 28
1058 30
1059 51
2917 37
1696 108
1697 186
1694 99
1695 240
1692 108
1693 359
1690 51
1691 248
2595 233
1791 41
1698 241
1699 240
1278 249
1279 76
618 59
619 220
612 39
613 53
610 26
611 27
616 350
617 83
614 28
615 165
1795 41
1794 86
3119 118
1491 1106
3117 180
3116 181
3115 259
3114 224
3113 184
3112 472
2469 92
3110 184
1472 92
1473 97
1470 298
1471 338
1476 231
1477 524
1474 125
1475 88
1478 35
1479 30
1304 60
1305 99
1306 206
1307 236
1300 27
1301 28
1302 30
1303 317
1497 274
1308 172
1309 134
498 28
499 27
494 41
495 148
496 37
497 217
490 28
491 205
492 173
493 71
24 28
25 27
26 38
27 34
20 66
21 40
22 34
23 36
2593 170
28 29
29 26
2599 51
1703 181
1875 133
1709 153
7 27
1879 376
2288 144
2289 334
2050 161
2280 88
2281 42
2282 60
2283 150
2284 44
2285 88
2286 126
2287 158
972 230
2578 50
2579 153
2576 50
2577 53
2574 58
2056 35
2572 212
2573 121
2570 154
2571 151
2378 269
2379 294
2374 266
2375 217
2376 276
2377 406
2370 135
2371 100
2372 191
2373 361
2594 225
1087 78
2596 296
2597 260
2590 31
2591 40
2592 169
1086 192
2598 379
1085 32
1876 83
1877 385
1874 173
1084 226
1872 42
1873 63
1870 103
1871 129
1083 251
1878 309
1082 33
977 34
976 27
975 44
974 83
973 126
1081 43
971 96
970 138
1080 28
979 31
978 27
182 33
183 27
180 33
181 33
186 30
187 25
184 38
185 176
2110 328
2111 281
188 32
189 28
2114 146
2115 52
2116 61
1559 64
2622 261
2623 160
2620 231
2621 108
2626 232
2627 155
2624 166
2625 402
2628 233
2629 250
1919 217
1918 32
1464 372
1911 161
1910 104
1913 46
1912 104
1915 194
1914 45
1917 68
1916 172
869 28
868 59
2113 232
3141 121
861 230
860 165
863 112
862 144
865 203
864 189
867 176
866 83
2024 38
2025 78
2026 28
2027 46
2020 261
2021 97
2022 49
2023 68
3144 235
2117 54
2028 71
2029 37
2758 46
2759 45
883 29
882 27
881 31
880 30
887 47
886 28
885 40
884 37
889 30
888 43
3148 212
3149 117
775 29
774 52
777 29
776 72
771 29
770 29
773 47
772 29
779 29
778 42
77 115
76 32
75 41
74 76
73 28
72 27
71 179
70 65
2972 255
2973 127
2970 186
2971 223
2976 65
2977 153
79 38
78 142
1043 85
1042 31
1041 27
1040 101
1047 87
1046 389
1045 80
1044 70
1049 120
1048 97
1681 219
1680 238
1683 250
1682 181
1685 127
1684 271
1687 45
1686 128
1689 49
1688 42
3025 189
1269 28
1268 39
669 330
668 29
1263 276
1262 116
665 27
664 26
1267 124
1266 32
1265 782
1264 199
3021 291
3095 131
3020 164
3128 287
3129 146
3122 73
3123 77
3120 159
3121 224
3126 75
3127 172
3124 159
3125 180
1469 264
1468 390
1465 106
1018 27
1467 284
1466 40
1461 25
1460 275
1463 289
1019 29
1317 28
1316 46
1315 187
1314 98
1313 46
1312 44
1311 25
1310 35
1319 49
1318 27
2460 28
1010 111
1011 31
3035 168
319 126
318 29
313 31
312 29
311 67
310 47
317 48
316 219
315 27
314 32
2756 65
2757 60
2754 121
1335 30
2755 30
1334 230
2752 48
1337 42
2753 273
1336 128
2750 201
2322 92
1331 119
2698 403
1330 49
1333 104
1332 56
2694 42
2693 88
2324 135
2692 327
630 94
2461 27
2299 183
2298 162
2969 125
2293 42
2292 57
2291 44
2290 76
2297 252
2296 43
631 293
2294 78
2569 255
2568 211
2561 165
2560 123
2563 32
2562 26
2565 59
2564 30
2567 191
2566 49
1521 78
2369 163
2368 147
2367 203
2366 151
2365 174
2364 72
2363 46
2362 67
2361 67
2360 121
2587 43
2586 40
2585 36
2584 110
2583 64
2582 285
2581 139
2580 172
2589 40
2588 38
1861 192
1860 507
1863 42
1862 227
1865 34
1864 37
1867 124
1866 50
1869 219
1868 144
964 269
965 29
966 30
967 45
960 28
961 62
962 146
963 97
968 34
969 41
2109 400
2108 73
2103 45
2102 45
2101 49
2100 34
2107 385
2106 239
2105 149
2104 59
2639 28
2638 28
2635 33
2634 122
2637 30
2636 31
2631 213
2630 111
2633 119
2632 412
1560 32
1241 97
878 59
1240 26
876 28
877 33
874 27
875 30
872 104
1243 40
870 30
871 33
2037 38
2036 172
2035 281
1242 41
2033 406
2032 183
2031 187
2030 169
9 27
1245 27
2039 45
1244 28
890 61
891 119
892 114
893 113
894 119
1247 141
896 30
897 39
898 26
899 28
646 33
1249 35
648 26
3099 153
3011 226
1537 60
1964 42
1965 59
1966 42
1788 395
1789 30
768 46
769 28
2961 117
2960 46
2963 161
2962 151
762 191
763 610
760 26
761 347
766 28
767 56
764 32
765 31
3049 253
3048 210
1962 206
3041 257
3040 139
3043 177
1963 54
3045 238
3044 106
3047 226
3046 178
1078 30
1079 30
1076 26
1077 27
1074 25
1075 26
1072 133
1073 81
1070 33
1071 102
1678 160
1561 48
3030 221
1674 181
1675 79
1676 236
1677 196
1670 101
1671 231
1672 94
1673 85
1094 26
1095 28
1096 36
1097 49
1090 28
1091 31
1092 85
1093 55
674 43
675 206
676 33
677 156
1098 379
1099 226
672 30
673 28
3135 193
3134 240
3137 114
3136 145
3131 153
3130 200
3133 144
3132 187
3139 134
3138 224
3015 262
1533 136
1418 89
1419 46
2490 126
1410 186
1411 184
1412 197
1413 150
1414 31
1415 194
1416 80
1417 124
1322 33
1323 587
1320 28
1321 42
1326 167
1327 290
1324 242
1325 160
1328 79
1329 79
2494 170
5 27
1531 269
2874 166
1256 26
1257 119
1254 60
1255 101
1252 112
1253 113
1250 31
1251 59
1528 116
1529 83
1258 136
1259 94
308 189
309 156
300 74
301 30
302 26
303 111
304 32
305 25
306 25
307 84
1792 243
2254 191
2858 164
2575 62
2978 209
2979 233
3058 114
3059 184
2475 41
3056 136
2474 57
3057 226
3054 297
3204 208
3055 144
3052 246
3053 353
2974 84
2975 44
2479 234
2478 148
470 28
2950 168
2990 214
2358 403
2359 281
2352 46
2353 108
2350 110
2351 35
2356 350
2357 188
2354 303
471 26
2991 314
1898 41
1899 48
1894 86
1895 40
1896 40
1443 102
1890 201
476 30
1892 344
1893 59
959 31
958 29
2134 127
2135 125
2132 55
2133 62
2130 176
2131 52
951 90
950 133
953 40
952 29
955 31
954 37
957 30
956 29
1442 32
477 37
2648 112
2649 94
2640 39
2641 52
2642 62
2643 94
2644 122
2645 389
2646 171
2647 69
2002 359
2003 285
2000 141
2001 65
2006 49
1440 117
2004 209
2005 45
3033 221
2008 46
2009 41
2034 175
1790 42
2852 229
3026 174
3197 82
667 27
666 39
2176 219
1261 133
2177 241
2910 60
2911 354
1799 37
1260 99
2914 124
2915 145
719 114
718 65
717 93
716 64
715 28
714 88
713 27
712 27
711 27
710 27
661 47
660 31
2178 404
1069 55
1068 38
2179 499
1061 26
1060 26
1063 31
1062 218
1065 40
1064 29
1067 78
1066 198
3023 129
1669 91
1668 89
1667 77
1666 58
1665 559
1664 235
1663 70
1662 73
1661 35
1660 27
591 36
590 31
593 31
592 26
595 127
594 32
597 30
596 66
599 28
598 73
1089 28
1088 130
3140 150
3022 147
3142 270
3143 172
2828 337
2829 224
3146 159
3147 176
2824 150
2825 65
2826 156
2827 193
2820 268
2821 132
2822 101
2823 164
1409 192
1408 263
1403 124
1402 78
1401 70
1400 84
1407 34
1406 32
1405 31
1404 135
1546 30
449 27
448 27
1339 33
1338 92
1547 39
443 32
442 30
441 197
440 170
447 29
446 28
445 26
444 29
1520 34
1542 247
1543 263
39 64
38 31
1540 124
33 36
32 29
31 26
30 33
37 27
36 40
35 39
34 27
641 29
640 31
643 67
642 198
645 28
644 295
647 31
1246 26
649 27
1248 113
3098 183
2496 172
1539 91
1538 48
339 32
338 27
335 104
334 32
337 29
336 40
331 32
330 33
333 45
332 143
1026 169
2118 66
3195 93
8 31
2119 63
3200 242
1462 315
2854 29
1991 49
2345 254
2344 296
2347 41
2346 54
2341 395
2340 289
2343 215
2342 382
2349 107
2348 59
1889 171
1888 154
1887 75
1886 229
1885 188
1884 180
1883 94
1882 47
1881 40
1880 88
2121 36
2120 80
2123 47
2122 65
2125 165
2124 47
948 42
949 251
946 49
947 40
944 195
945 112
942 148
943 28
940 102
941 74
3038 124
2410 92
2659 49
2658 50
2653 42
2652 270
2651 213
2650 238
2657 191
2656 138
2655 53
2654 48
133 32
132 26
131 30
130 30
137 31
136 30
135 28
134 48
139 27
138 32
2019 132
2018 335
2015 262
2014 39
2017 439
2016 177
2011 45
2010 39
2013 39
2012 51
1793 57
3034 199
2112 178
3000 180
2903 167
2902 339
2901 246
2900 119
708 31
709 25
2905 271
2904 93
704 44
705 34
706 28
707 41
700 27
701 27
702 27
703 26
3037 150
88 60
89 39
82 78
83 57
80 37
81 27
86 60
87 57
84 52
85 36
3036 159
1658 132
1659 228
1652 191
1388 290
1650 219
1651 197
1656 35
1657 105
1654 132
1389 203
586 42
587 39
584 378
585 201
582 26
583 153
580 28
581 30
1984 33
588 27
589 31
3153 228
3152 204
3151 110
1633 79
3157 235
3156 150
2839 167
2838 327
2837 126
1982 122
2835 115
2834 154
2833 330
2832 136
2831 37
1983 34
1436 31
1437 31
1434 118
1435 141
1432 101
1433 206
1430 134
1431 59
1380 459
1981 38
1438 59
1381 211
1541 121
1348 168
459 27
450 40
451 32
452 32
453 28
1344 86
1345 81
456 32
457 31
3032 196
656 49
657 56
654 30
655 81
652 42
653 247
650 30
651 31
3085 161
3084 138
1508 29
1509 32
3081 244
3080 260
658 38
516 27
1992 193
2127 366
2126 338
2129 98
2128 124
2815 97
2814 30
1376 28
322 141
323 67
320 146
321 419
326 26
327 48
324 99
325 31
328 26
329 147
2819 157
1340 46
2818 34
2330 50
2331 39
2332 41
2333 65
2334 49
2335 54
2336 41
1594 182
2338 63
2339 175
1341 111
3072 214
3073 372
1995 41
2958 205
2959 198
3076 334
1592 165
3078 151
3079 70
2488 70
2489 63
2486 147
2487 106
2484 210
2485 170
2482 220
2483 272
2480 268
1598 32
2248 118
2249 186
2244 38
2245 241
2246 132
2247 256
2240 38
2241 47
2242 47
2243 41
995 26
994 27
997 37
996 47
991 31
990 355
993 28
992 28
999 26
998 27
120 37
121 34
122 40
123 449
124 86
125 33
126 31
127 25
128 27
129 30
2068 49
2069 59
2798 177
2799 176
2060 634
2061 393
2062 129
2063 25
2064 156
2065 192
2066 51
2067 44
2666 113
2667 241
2664 100
2665 219
2662 53
2663 49
2660 43
2661 44
1748 271
2668 228
1749 446
2938 141
2939 307
2936 203
2937 164
2934 164
2935 37
2932 76
2933 73
2930 97
2931 401
1645 135
1644 79
1647 248
1646 238
1641 459
1640 33
1643 92
1642 105
1649 118
1648 64
1742 156
1743 104
579 67
578 31
573 31
572 31
571 31
570 65
577 43
576 66
575 31
574 32
2808 113
2809 112
3168 64
3169 59
2802 167
1209 35
2800 188
2801 160
2806 88
2807 141
2804 74
1208 48
1421 425
1420 106
1423 204
1422 29
1425 258
1424 84
1427 140
1426 111
1429 106
1428 72
2156 139
731 418
730 219
733 32
732 28
735 31
734 32
737 28
736 29
739 26
738 27
2403 43
1359 161
1358 547
469 27
468 28
1353 81
1352 232
1351 81
1350 399
461 34
1356 63
463 341
462 155
1273 123
2158 59
2159 67
1519 146
1518 150
1515 142
1514 99
1517 201
1516 156
1274 90
1510 38
1513 27
1512 32
3031 194
1735 100
1275 34
3184 856
3185 122
3186 124
3187 116
3180 121
3181 167
3182 211
3183 156
3188 282
3189 95
3201 203
3109 110
357 29
356 26
355 30
354 37
353 30
352 28
351 34
350 35
359 26
358 30
3107 104
2323 158
1447 30
2321 152
2320 203
2327 106
2326 250
2325 209
1446 31
2329 174
2328 43
1445 116
289 28
288 232
1444 74
2830 34
281 67
280 32
283 27
282 154
285 30
284 233
287 29
286 31
1441 129
1116 123
263 29
262 27
261 25
260 28
267 86
266 31
265 91
264 37
269 28
268 30
1562 29
2499 322
2498 179
1563 68
1980 82
2491 113
1564 163
2493 122
2492 123
2495 56
2192 124
2497 263
1565 360
2193 127
1566 124
2259 45
2258 116
2257 111
2256 106
2255 49
1567 91
2253 181
2252 365
2251 324
2250 36
2477 91
2476 49
988 87
989 397
2473 40
2472 37
2471 177
2470 382
982 109
983 34
980 80
981 109
986 51
987 140
984 155
985 26
115 26
114 31
117 33
116 106
111 96
110 25
113 28
112 31
119 27
118 29
2785 135
2784 143
2787 186
2786 285
2781 78
2780 101
2783 98
2782 40
2789 31
2788 61
1797 42
2079 29
2078 119
2073 46
2072 41
2071 51
2070 32
2077 73
2076 87
2075 69
2074 134
1796 50
2671 43
2670 114
2673 118
2672 45
2675 33
2674 211
2677 49
2676 30
2679 328
2678 42
2929 289
2928 293
2921 261
2920 176
2923 226
2922 264
2925 211
2924 211
2927 200
2926 110
2907 132
2906 179
1630 162
1631 101
1632 125
484 27
1634 135
1635 91
1636 109
1637 139
1638 191
1639 46
1988 175
1989 270
2909 42
568 30
569 26
2817 200
2816 197
2811 150
2810 176
2813 84
2812 220
560 162
561 191
562 26
563 26
564 26
565 25
566 27
567 30
3179 163
3178 81
3171 80
3170 86
3173 106
3172 144
3175 127
3174 108
3177 124
3176 154
1188 284
1189 35
1186 82
1187 31
1184 236
1185 111
1182 97
1183 76
1180 144
1181 92
726 72
727 84
724 226
725 27
722 26
723 25
720 91
721 77
1744 120
1745 153
1746 158
1747 303
1740 129
1741 308
728 146
729 134
1164 95
1165 114
1166 154
1167 85
1160 161
1161 149
1162 170
1163 77
1168 63
1169 183
3092 206
472 33
2913 155
48 189
49 30
46 137
47 31
44 81
45 39
42 33
43 38
40 195
41 36
1568 92
1569 61
1298 54
1299 31
1292 187
1293 57
1290 202
1291 26
1296 27
1297 27
1294 110
1295 163
1713 155
474 54
1712 83
475 41
1711 199
2425 33
1710 164
1997 330
1717 101
1716 90
1715 41
1201 33
1714 51
1366 484
473 25
1364 86
1365 261
1362 179
1363 87
1360 30
1361 30
478 25
479 113
2916 256
1368 64
1369 81
